<bug id='845' author='vfdev-5' open_date='2020-03-19T12:38:50Z' closed_time='2020-03-21T17:41:12Z'>
	<summary>Bug with average="recall" in Confusion matrix</summary>
	<description>
&lt;denchmark-h:h2&gt;🐛 Bug description&lt;/denchmark-h&gt;

from ignite.metrics import ConfusionMatrix


cm = ConfusionMatrix(num_classes=3, average="recall")

cm.confusion_matrix[0, 0] = 50
cm.confusion_matrix[0, 1] = 50
cm.confusion_matrix[0, 2] = 50

cm.confusion_matrix[1, 0] = 24
cm.confusion_matrix[1, 1] = 56
cm.confusion_matrix[1, 2] = 78

cm.confusion_matrix[2, 0] = 54
cm.confusion_matrix[2, 1] = 32
cm.confusion_matrix[2, 2] = 21

print(cm.confusion_matrix)

cm._num_examples = 1
res = cm.compute()
print("Wrong result:", res)
print(res.sum(dim=1))

res2 = cm.confusion_matrix / (cm.confusion_matrix.sum(dim=1).unsqueeze(1) + 1e-15)
print("True result:", res2)
print(res2.sum(dim=1))
gives
&lt;denchmark-code&gt;tensor([[50, 50, 50],
        [24, 56, 78],
        [54, 32, 21]])
Wrong: tensor([[0.3333, 0.3165, 0.4673],
        [0.1600, 0.3544, 0.7290],
        [0.3600, 0.2025, 0.1963]])
tensor([1.1171, 1.2434, 0.7588])
True: tensor([[0.3333, 0.3333, 0.3333],
        [0.1519, 0.3544, 0.4937],
        [0.5047, 0.2991, 0.1963]])
tensor([1., 1., 1.])
&lt;/denchmark-code&gt;

&lt;denchmark-h:h2&gt;Environment&lt;/denchmark-h&gt;


PyTorch Version (e.g., 1.4): 1.4
Ignite Version (e.g., 0.3.0): 0.4.0.dev20200302
OS (e.g., Linux): Linux
How you installed Ignite (conda, pip, source): pip
Python version: 3.7
Any other relevant information:

	</description>
	<comments>
	</comments>
</bug>