<bug id='1254' author='wzj5133329' open_date='2020-05-30T02:23:51Z' closed_time='2020-05-31T13:31:35Z'>
	<summary>Two labels but train for one</summary>
	<description>
I've prepared two kinds of data, but  seem to have trained only one kind in training，I do not add
--single-cls  ,
I create label.txt like this
1 0.5 0.022388059701492536 0.98 0.04477611940298507
0 0.125 0.5223880597014925 0.25 0.9552238805970149
0 0.375 0.5223880597014925 0.25 0.9552238805970149
0 0.625 0.5223880597014925 0.25 0.9552238805970149
0 0.875 0.5223880597014925 0.25 0.9552238805970149
is this wrong?
	</description>
	<comments>
		<comment id='1' author='wzj5133329' date='2020-05-30T02:24:29Z'>
		Hello &lt;denchmark-link:https://github.com/wzj5133329&gt;@wzj5133329&lt;/denchmark-link&gt;
, thank you for your interest in our work! Please visit our &lt;denchmark-link:https://github.com/ultralytics/yolov3/wiki/Train-Custom-Data&gt;Custom Training Tutorial&lt;/denchmark-link&gt;
 to get started, and see our &lt;denchmark-link:https://github.com/ultralytics/yolov3/blob/master/tutorial.ipynb&gt;Google Colab Notebook&lt;/denchmark-link&gt;
, &lt;denchmark-link:https://hub.docker.com/r/ultralytics/yolov3&gt;Docker Image&lt;/denchmark-link&gt;
, and &lt;denchmark-link:https://github.com/ultralytics/yolov3/wiki/GCP-Quickstart&gt;GCP Quickstart Guide&lt;/denchmark-link&gt;
 for example environments.
If this is a bug report, please provide screenshots and minimum viable code to reproduce your issue, otherwise we can not help you.
		</comment>
		<comment id='2' author='wzj5133329' date='2020-05-30T04:36:09Z'>
		&lt;denchmark-link:https://github.com/wzj5133329&gt;@wzj5133329&lt;/denchmark-link&gt;
 look at your train*.jpg.
How do you expect me to tell you if your own label for your custom data is 'wrong'?
		</comment>
		<comment id='3' author='wzj5133329' date='2020-05-30T04:45:10Z'>
		
@wzj5133329 look at your train*.jpg.
How do you expect me to tell you if your own label for your custom data is 'wrong'?

no，I'm sorry  didn't tell it clear, I mean, it need to start from zero? it should change to
0 0.125 0.5223880597014925 0.25 0.9552238805970149
0 0.375 0.5223880597014925 0.25 0.9552238805970149
0 0.625 0.5223880597014925 0.25 0.9552238805970149
0 0.875 0.5223880597014925 0.25 0.9552238805970149
1 0.5 0.022388059701492536 0.98 0.04477611940298507?Does this matter？
		</comment>
		<comment id='4' author='wzj5133329' date='2020-05-30T04:50:57Z'>
		&lt;denchmark-link:https://github.com/wzj5133329&gt;@wzj5133329&lt;/denchmark-link&gt;
 ah, sort order doesn't matter. In any case, look at your train*.jpg that's created once training starts to verify your labels.
		</comment>
		<comment id='5' author='wzj5133329' date='2020-05-30T05:38:39Z'>
		
@wzj5133329 ah, sort order doesn't matter. In any case, look at your train*.jpg that's created once training starts to verify your labels.

you mean the train_batch0.jpg? There is only one type on this picture，but in fact some lable.txt has two class type。I have checked it ,Do you think anything else could be wrong？
		</comment>
		<comment id='6' author='wzj5133329' date='2020-05-30T17:57:41Z'>
		&lt;denchmark-link:https://github.com/wzj5133329&gt;@wzj5133329&lt;/denchmark-link&gt;
 if your label text files do not correspond to what you see in your jpgs then yes, there is something wrong with your custom data.
See &lt;denchmark-link:https://github.com/ultralytics/yolov3/wiki/Train-Custom-Data&gt;https://github.com/ultralytics/yolov3/wiki/Train-Custom-Data&lt;/denchmark-link&gt;

		</comment>
		<comment id='7' author='wzj5133329' date='2020-05-31T13:31:35Z'>
		
@wzj5133329 if your label text files do not correspond to what you see in your jpgs then yes, there is something wrong with your custom data.
See https://github.com/ultralytics/yolov3/wiki/Train-Custom-Data

emmm,ok,I will check it again！ Thanks a lot!
		</comment>
		<comment id='8' author='wzj5133329' date='2020-08-10T06:28:33Z'>
		

@wzj5133329 if your label text files do not correspond to what you see in your jpgs then yes, there is something wrong with your custom data.
See https://github.com/ultralytics/yolov3/wiki/Train-Custom-Data

emmm,ok,I will check it again！ Thanks a lot!

Hi, do you have any ideas about how to solve the problem?
		</comment>
		<comment id='9' author='wzj5133329' date='2020-08-14T10:33:43Z'>
		


@wzj5133329 if your label text files do not correspond to what you see in your jpgs then yes, there is something wrong with your custom data.
See https://github.com/ultralytics/yolov3/wiki/Train-Custom-Data

emmm,ok,I will check it again！ Thanks a lot!

Hi, do you have any ideas about how to solve the problem?

you could check code in datasets.py
def random_affine(img, targets=(), degrees=10, translate=.1, scale=.1, shear=10, border=0):
i = (w &gt; 4) &amp; (h &gt; 4) &amp; (area / (area0 * s + 1e-16) &gt; 0.2) &amp; (ar &lt; 10)  ，the aspect ratio is limited here ,hope it help you !
		</comment>
		<comment id='10' author='wzj5133329' date='2020-08-17T03:21:21Z'>
		&lt;denchmark-link:https://github.com/wzj5133329&gt;@wzj5133329&lt;/denchmark-link&gt;
 Hi! Thank you for your reply.  I  did not apply your method but checked the labels.npy file which contains previous readings and I found that I forgot to delete it because the previous one contains only one label while the newer has two classes. This is my case but anyway thank you!
		</comment>
	</comments>
</bug>